time,x,y,z,phi,theta,psi,x_velocity,y_velocity,z_velocity,phi_velocity,theta_velocity,psi_velocity,rotor_speed1,rotor_speed2,rotor_speed3,rotor_speed4,episode,total_reward
1.9800000000000013,-1.728450965475336,0.21973003067141203,0.0,1.0375346083560135,0.787677747724171,0.0,-0.24061699721027013,1.47359644358919,-19.054501560662715,-5.742372706533455,13.298428846539576,0.0,492.93356939530867,634.8682917286773,199.61543586893146,89.73058900252306,1,99.0
1.9800000000000013,-1.7745075283251366,0.20944798812306897,0.0,1.0001545933411062,0.7864723058512624,0.0,-0.3379296013675436,1.3241580492045344,-18.93592080584388,-5.767503954071591,13.377335217503893,0.0,484.2789753058916,632.0875244458505,203.38688864650865,90.49715277564736,2,99.0
2.0400000000000014,-0.1461678090431249,0.4269510086276446,0.0,3.61527223864225,1.264304536056895,0.0,0.12867823382454147,0.3088690718953026,-21.28752053225644,-10.176263655059687,14.981885548855448,0.0,282.13990301806416,543.2961826724255,318.36340513644853,199.36351673469198,3,102.0
2.0400000000000014,-9.730371719904754,-2.0275440883955755,0.0,2.8166079899266006,4.070981445559472,0.0,-8.651488780392247,-1.1486876967656852,-23.414997092682533,-8.715259419019587,7.068235060722075,0.0,217.66988318763333,409.0241555672086,147.8712238001016,11.734327285044767,4,102.0
2.0400000000000014,4.877896391332027,0.7744334110937225,0.0,4.2905706553304,2.9388992748609546,0.0,3.0569437612274344,0.2931256636769518,-20.06052998631381,-9.891106808488589,2.3937950574061566,0.0,398.2494202068796,507.5898578004962,264.87786247914914,214.14299192304952,5,102.0
2.0400000000000014,0.9473503277667061,-1.3045321014504838,0.0,5.349153151463463,3.9804176115704593,0.0,0.8530366087493066,-1.06596440210149,-18.955117560742266,-6.127541109697706,0.6389317773362322,0.0,266.9527219371278,405.69697383651146,150.43929245226002,90.31354177575247,6,102.0
1.740000000000001,0.07942958402618805,0.24255429375374232,0.0,5.994553016206892,0.8525730293345699,0.0,1.1847035192117084,1.4278082186428798,-32.880210904737915,-1.377876074170886,3.234115419132024,0.0,280.69304426564327,441.80420867508076,155.57918722566777,104.38437836469166,7,87.0
1.740000000000001,0.10832458590591976,0.09209979388668758,0.0,6.099220283239653,0.8891033251051823,0.0,1.2252377261935519,0.7344851890240125,-33.433580599835565,-1.0192276949417112,3.2883795040750177,0.0,256.52757784862536,432.1256714112282,135.14460925744297,98.44904752676254,8,87.0
1.740000000000001,0.17264534997464664,0.0328129266955376,0.0,6.193973468589736,0.9807141332448257,0.0,1.5624985351765353,0.3143994008192523,-33.454604182098166,-0.5226972020027294,3.5303419560844693,0.0,231.3682010702606,420.1963651437135,117.28283408399002,95.3839074979814,9,87.0
1.740000000000001,0.14624609204344793,0.016424959622811673,0.0,6.232133438440265,0.9090560273292372,0.0,1.4968740930511322,0.17859461324072917,-33.73239853472831,-0.3032185618775752,3.383765360812715,0.0,218.29267091004584,408.1922351299721,105.92015668780931,93.18887171922675,10,87.0
1.740000000000001,0.1595471141837364,0.010436211541415611,0.0,6.248718016480462,1.0903283551446892,0.0,1.5489914529805204,0.11117506611954697,-33.38841691007389,-0.20113261999941587,3.8434040974636337,0.0,203.4154438257042,413.5179402465921,100.17162833471792,92.78647014529783,11,87.0
1.740000000000001,0.2341982572452311,0.00656366928895413,0.0,6.2606756333712585,1.4641418359646572,0.0,1.6135905498808272,0.06552467879461088,-32.577635450657056,-0.10448695299790607,4.699992265063436,0.0,185.37651019079945,425.9789565015826,94.85566862850989,97.23614234121453,12,87.0
1.740000000000001,0.5221957633339374,0.002167684419494617,0.0,6.269197423477564,2.8390945318392102,0.0,2.364910502739681,0.016087792005047504,-28.97769565932952,-0.06734291468874758,7.452353304133431,0.0,167.59598180939244,464.73238096623885,91.88361581757835,95.0038501930603,13,87.0
1.9800000000000013,0.6049009882842783,0.00020200856634114582,0.0,6.282758108690629,3.8712226415809816,0.0,0.7983861543817892,-0.0005227335393956649,-19.70903287539454,0.06795507572383921,14.029741267715437,0.0,165.15203882086823,501.88533801767664,81.8184068734027,103.64887118792646,14,99.0
2.1000000000000014,-0.27401058016966967,-0.00022474650506164963,0.0,6.279528697248564,4.393602087136195,0.0,0.04637938084730821,-0.0035302393447656545,-19.6784757005316,0.012192128690895334,16.316020631203678,0.0,148.0809970795459,541.9607677755092,72.04832432182535,84.39000214141618,15,105.0
2.0400000000000014,-0.07251357590874562,0.0004548193195865361,0.0,0.030395752185442326,5.573699589812508,0.0,0.28210608739543863,0.012078281000420393,-19.112109852360568,0.2818151416721642,17.07942721608135,0.0,242.1593127090879,541.7682225443388,170.93773302529192,190.61635184042163,16,102.0
2.1000000000000014,0.8633300886263795,-9.246745418442486e-06,0.0,0.004592405447930048,0.10758490839292278,0.0,0.3041867175811499,0.00027122490899575023,-20.11487132186121,0.1110518373382123,19.395371251699718,0.0,356.8029862109523,525.7371702573486,303.972360439526,320.36724246190124,17,105.0
2.1600000000000015,-0.7446249044195031,-2.1493080440567668e-05,0.0,6.280865227373965,0.9566660743342554,0.0,-0.1514856682444921,6.662707973512528e-05,-20.231798881827626,-0.012817094279022381,23.331650507933986,0.0,325.0040882098465,789.6901274501107,23.23889387520518,18.18349505420661,18,108.0
2.1600000000000015,-0.3097426468693668,-2.2114696512824777e-05,0.0,6.282614403055078,0.45951148649697604,0.0,1.5700385083215906,-0.00032327973463934084,-18.57484176217053,-0.0045322881942553555,10.170344991676025,0.0,819.7347238598702,868.7200140094066,10.31791248190729,6.510292522806324,19,108.0
5.0399999999999805,-57.04664026039831,-0.0003753864122419029,54.12716673922747,6.283085792350448,2.0288840614816746,0.0,-21.30564693936784,-0.0001479982080654765,-9.788982667062452,-3.396944124578288e-05,0.2163336551103315,0.0,900.1255596346292,899.9247654597548,-0.03453999519723734,0.22088066824149488,20,252.0
5.0399999999999805,-17.914675288881963,0.006649438516835888,90.67262231322032,0.0003416373764757452,0.11091911544568944,0.0,-9.151661353749907,0.005465569172635112,16.063157213128086,0.00011361779716523612,-0.1110559750951032,0.0,899.7933872456667,900.0682064382362,-0.5053595504998427,0.08376726999618324,21,252.0
5.0399999999999805,-12.618403704699107,0.008217778875941157,91.23244756045696,0.00024198688732379736,0.6182760683974831,0.0,-9.391120788223128,0.0049675701352292255,15.084187441753,7.578783472566905e-05,0.2709498686230989,0.0,900.2297178412604,899.7120576788745,0.22512925890267427,0.3985762156398508,22,252.0
5.0399999999999805,8.089881684266372,-0.00172250912189229,92.58934066573997,6.283154969252614,0.12692908843468587,0.0,1.8577561008090733,-0.0011698679788918693,17.374387345209264,3.656639094612135e-05,0.11756772176543509,0.0,899.6499782501189,899.7343192498221,-0.5089432444566482,-0.23917611860081364,23,252.0
5.0399999999999805,10.625841423236869,-0.005354883342997302,91.8216206618639,6.28288038471964,5.8879498586055945,0.0,7.031110179597443,-0.00420051885176531,16.05269176213441,-0.00022156538756955494,-0.20691647225686524,0.0,900.2250340268107,899.4120819155002,-0.7648408750575397,0.006328451265605273,24,252.0
5.0399999999999805,31.96208057030282,-0.0010306993855283932,83.16394327738945,6.283164331640794,5.471666290685999,0.0,18.09764498429716,-0.0004584330760986177,8.438154998578161,1.5194033805478643e-05,-0.11969392654923142,0.0,900.4667408403435,899.8602521433775,0.47060332561897755,-0.6245069892578979,25,252.0
5.0399999999999805,35.7630634759951,-0.0037284653588848943,82.48953010509427,6.283105573261521,4.281907839525779,0.0,23.913508782804964,-0.0015499312647605707,5.59912944576877,-1.0752698318218255e-05,-0.5310181017678676,0.0,900.0407674805563,899.9301612407615,-0.1738829840604272,0.06787409164880781,26,252.0
5.0399999999999805,-36.76940833918174,-0.01230782302118994,79.67162493106018,6.282802003859349,1.074582329043495,0.0,-19.780094075390817,-0.005765748537514057,5.259038745466126,-9.178331557331922e-05,0.19539671427657127,0.0,900.2549242947601,900.3230971874616,0.1580845742277807,0.3070773301516834,27,252.0
5.0399999999999805,30.09429340245643,-0.0012962262897337773,84.62541778310266,6.283151602277247,4.513673842605408,0.0,20.547395075960303,-0.000673103171052166,7.3228858389616684,2.0431892021144597e-05,-0.6445554910786687,0.0,900.1700671306658,900.3794543965251,0.3070157814780653,-0.5081268682696916,28,252.0
5.0399999999999805,-22.101483388646773,-0.0012462852257386812,88.08864052830027,6.283125596790381,0.831800485935287,0.0,-14.204210646578527,-0.0009030246200211425,11.942607971418397,-1.7151169987165632e-05,0.22887456121430097,0.0,900.4215171254936,899.8656441072383,0.2307266943673683,0.44416275420448215,29,252.0
5.0399999999999805,-8.121085780565052,-0.0018863061025640889,92.1535797224167,6.2831581633578875,0.32935331998103745,0.0,-6.036746587697172,-0.0010552961361532897,16.36651315866743,7.446044236697557e-05,0.0032403753846926963,0.0,899.5478185965263,899.5393263538648,-0.015459260363911575,-0.6500227459638996,30,252.0
5.0399999999999805,61.88157941057407,0.0006262918352236281,57.00445974056213,8.4232827100017e-05,3.8616334876810647,0.0,25.83006466314246,0.000323837525364503,-6.761137631295018,3.8049064188279117e-05,-0.5120783297812344,0.0,900.1178412049229,899.5676760383191,0.033465250515489986,-0.02150659965258986,31,252.0
5.0399999999999805,13.855325135166698,-0.0010135418293767923,91.00330858427341,2.7679319148710135e-05,5.887090864337278,0.0,9.31896927513061,-0.0005494922951716388,15.215536651380852,4.9853097121969665e-05,-0.06099351397397898,0.0,900.2845081564778,899.5443770348405,-0.13392252135547655,-0.28419638149894677,32,252.0
5.0399999999999805,30.958167689011415,-0.0011401827404803684,83.72414670698511,6.283152439020954,5.415226500113974,0.0,17.698709212815295,-0.0005926608823533781,8.516718855345001,-2.1797315950000224e-05,0.01164871227814137,0.0,899.7871972453494,900.4223594967909,-0.25777852183968386,0.38933347835564536,33,252.0
5.0399999999999805,-27.53247303759181,0.0012522811967327753,89.70097942302152,5.64915243623787e-05,5.983534898557885,0.0,-13.360080405073358,0.0015080695109331822,18.65651346335418,-3.167780645435896e-05,-0.4815336987611258,0.0,900.2665799719426,899.925483340741,0.23922415534198116,-0.15922338339137285,34,252.0
5.0399999999999805,-13.460231466046812,0.0008201720081640196,90.64838548404364,2.9663555958236998e-06,0.7999890430933636,0.0,-11.8981660672865,0.00024183216229413043,13.740018458677755,2.1021450488488277e-05,0.23865332484865903,0.0,900.2644748411013,900.3000481401757,-0.4447747102114806,-0.4626010207636345,35,252.0
5.0399999999999805,13.854993518943044,0.0010394207557699196,90.84795341334319,6.2830599301405865,5.622596800399478,0.0,10.459059494240261,-6.012126067608478e-05,14.551695098608604,-0.00010296239038080786,-0.29696236127942943,0.0,900.4876745935591,900.2543578221736,0.08707331347506822,-0.17819034604483386,36,252.0
5.0399999999999805,-28.473447971480635,-0.008411899453319695,84.49583999438916,6.282821047746728,1.2260735741831592,0.0,-17.911323941399793,-0.004774143433400774,7.810532779120934,-7.986502045348242e-05,0.4632931570577707,0.0,899.8370958110553,900.1967551065549,-0.2841730958787369,-0.6230160952193943,37,252.0
5.0399999999999805,22.693476180563565,-0.0018987337504065014,87.62821508171723,0.00016137711693975376,5.2338725380704005,0.0,15.827324165040627,0.0001760094206787543,10.512897885458475,4.214270327806684e-05,-0.1651436872346672,0.0,899.5110759181146,899.9483945176527,-0.5409285307546775,-0.310250462587636,38,252.0
5.0399999999999805,9.816183547286759,0.0017023267395836665,92.35614036080875,7.848084729111804e-05,0.05106681244418265,0.0,3.2406046869380853,0.0014175163847431928,17.215894884711663,1.362512067072905e-05,0.17717800015992893,0.0,899.9844073722271,900.1886925092568,0.16783167908223542,-0.5652883115659028,39,252.0
5.0399999999999805,-8.111442274507978,-0.021401646828522823,92.20423455234169,6.282809470658588,0.27056814596493073,0.0,-5.392208505840807,-0.011356920232270067,16.555740832031162,-3.167787685986297e-05,0.10858443244757604,0.0,900.2062868112664,899.4441234040772,0.5451959840237179,-0.47393227080726513,40,252.0
5.0399999999999805,24.975584592975228,0.013113845137296996,86.68244180761126,0.0005894196850508848,5.383221440603558,0.0,16.1905196991697,0.008095913617668862,10.09047835088926,0.00018862064628169192,-0.03838405986143832,0.0,900.2214572003232,899.8652000943484,0.30389511254476076,0.2514219814832913,41,252.0
5.0399999999999805,-39.059043375661,-0.005988460481961952,79.44122601249578,6.282824325439375,0.5526490083464521,0.0,-21.66875706776938,-0.003902569072260955,6.816187730961588,-0.00014849537092950083,-0.34160195508189845,0.0,900.5931041949008,899.4936735349303,0.30084213533157744,0.49993935932363165,42,252.0
5.0399999999999805,19.20477915744165,0.004703409154661801,89.60513407712284,0.0001693330604091159,5.776535759430757,0.0,11.323385161402129,0.0028516031421625897,14.257887372004937,9.268327231861138e-05,-0.23129469496404914,0.0,900.0466385635331,899.5723556164055,-0.413640786085684,-0.11561610881424192,43,252.0
5.0399999999999805,0.09556095372935486,-0.013079722126095494,92.94003192314912,6.282591070888445,0.4803027234678847,0.0,-3.767778265559695,-0.009400536178030954,17.11411157858307,-0.00029212054517337583,0.3609785718158791,0.0,899.7031088908846,900.0856880514399,0.3504724641494181,0.19535553876185616,44,252.0
5.0399999999999805,-43.5204438739502,-0.00013344183415619929,68.79331862932366,0.00029861541178632933,2.2618276069720373,0.0,-22.75769735084223,-0.0005891273641955618,-6.439999086489851,0.00014740913529445143,0.6053922012933022,0.0,899.3134053476501,900.2350745754951,-0.15721521037913175,-0.2624278483136086,45,252.0
5.0399999999999805,33.25769477316475,-0.008402487010630875,81.986335479194,6.282931435432214,4.70426465827677,0.0,19.92950520308956,-0.00371247658042331,5.378243642576472,-3.683677211932662e-05,-0.560233980261593,0.0,900.2345899714661,899.919453776375,0.34424681506173516,-0.3259992515621925,46,252.0
5.0399999999999805,31.929158393041675,-0.0031573724678154017,82.79791272319086,6.283121930127319,4.682639442269874,0.0,20.004739806178648,-0.0013536571687589104,5.594790473057029,-2.240959597598121e-06,-0.554629539689801,0.0,900.1561075668491,900.1164417137527,-0.21849033559347647,0.10258027648298382,47,252.0
5.0399999999999805,21.763837873946652,0.007375593212711748,89.70834688165392,0.00022022170908364558,4.503769087441222,0.0,20.067256420746013,0.003797860864677531,11.686460826030208,4.761861246202947e-05,-0.6131684933259335,0.0,900.0405135033934,900.1440227640277,-0.6255103982109484,-0.03454335909549552,48,252.0
5.0399999999999805,24.636926073906974,-0.0010627976084080612,86.91663335780261,6.283118382493804,4.971885583996102,0.0,16.64322994192088,-0.0006723949527875678,9.93789065309816,-3.218678235996446e-05,-0.5903248731685148,0.0,899.8184939531225,900.1946038950117,-0.43477072166721176,0.20240095296676897,49,252.0
5.0399999999999805,-30.52983821987163,-0.0042153145331580814,84.09201214689564,6.283099778301349,1.452109358896033,0.0,-18.286567654101898,-0.0017836670033389154,7.404491150805725,-4.448662202324679e-05,0.8031184948135638,0.0,899.9147583364298,900.5814817203869,-0.589342353848566,-0.1608200365911382,50,252.0
5.0399999999999805,15.788691473618819,0.005893067835038814,90.52270364066172,0.00011907573756619882,5.85472930998203,0.0,10.214362233711784,0.0033766123070448403,14.78670544132323,-6.476103704200352e-06,-0.017298748337182996,0.0,899.7806337971915,899.9390021682782,0.19642813926605002,0.0862014736789048,51,252.0
5.0399999999999805,-37.514257861463896,-8.299685010094341e-07,76.88759241750272,6.28309792071259,1.8495720598440926,0.0,-21.681057773887698,-5.5599769156667245e-06,0.19743879581160648,-2.0642598086935205e-05,0.5141760184146454,0.0,899.8139982521164,900.131633224022,-0.06498824324301586,-0.3797768248072886,52,252.0
5.0399999999999805,22.091159944172087,4.618821971792793,50.85561857580127,1.446414318024055,0.36344088350863757,0.0,2.9484992821607765,1.6621530983336719,-13.31761121153031,-28.844528006566296,0.41625340384357273,0.0,899.3377897293736,900.3305360987748,900.3831319971536,0.2993791495506901,53,252.0
2.3400000000000016,2.3151001336074426,9.245005074413978,0.0,4.668448612743088,6.01003309941656,0.0,4.475439054290261,4.405537140718513,-18.499568767208334,-27.945903833096587,-0.34619479436141387,0.0,899.5590985989954,898.8461092808792,866.3972862822797,0.03677667937039671,54,117.0
2.4000000000000017,-6.697952699700716,9.473882459334073,0.0,2.852440330404285,0.33433467601924427,0.0,-11.026839509542706,3.11856007486487,-19.54383924786153,-28.64858598834874,0.05562314017791833,0.0,900.0129997636786,899.5866304328126,892.1021415209459,-0.23345180300868001,55,120.0
2.3400000000000016,-8.165735579674058,9.230912677344122,0.0,4.58900868254552,0.3259993083152386,0.0,-12.238332989834165,4.08752351023747,-17.82678670554296,-28.788996420662496,0.09764425196794026,0.0,900.1394616997584,899.2198801258946,898.2981968540226,-0.1728531940457092,56,117.0
2.4000000000000017,10.459149236595223,9.24197432556249,0.0,0.5378274638286529,5.703500439608922,0.0,14.061259254836157,4.641161146172546,-15.97111447202647,-21.418206059924746,-0.29350844688868893,0.0,899.0833481117794,899.0023666806256,521.6355771981207,0.36216530916533474,57,120.0
2.3400000000000016,2.3028855973313718,9.326954889697566,0.0,4.688962507282316,6.1126163944248155,0.0,3.711139370507536,4.513460917500093,-18.626674679590565,-27.92985477742393,-0.1918231682832067,0.0,900.3586432313678,899.797347608808,865.951830331769,-0.1820928768678326,58,117.0
2.3400000000000016,-5.252780822374677,9.323401611880026,0.0,4.607128650838426,0.19415880954895215,0.0,-7.1189663196717055,4.343878739018742,-18.54475641198659,-28.69701256358786,0.03377032007728569,0.0,900.1070407494408,898.5402517750687,895.220384325847,-0.7667792733809593,59,117.0
2.3400000000000016,-0.9415740251292134,9.248807298268437,0.0,4.597293318412813,6.253915555568586,0.0,-0.3124050265464956,4.442518839363929,-18.902613933066725,-28.61327987921303,-0.0781941840211341,0.0,899.9003291759425,899.3195906174356,892.465821711039,0.36534794525746506,60,117.0
2.3400000000000016,-1.2432860527124843,9.262807769270612,0.0,4.629771436227209,0.059504610092010246,0.0,-1.6688542698431479,4.471590908335078,-18.835377815299502,-28.416137197933896,-0.10733739526817786,0.0,900.1885402201818,898.4170366629472,887.0477634481746,-0.3033576473728125,61,117.0
2.4000000000000017,-5.624950828110807,9.412066576311009,0.0,2.8349376176662275,0.22235605829012073,0.0,-8.1274610173123,3.1168711101596456,-19.875710070318235,-28.56441949920662,0.021297169091615047,0.0,900.2248804583044,899.3136629278051,888.2345706443188,-0.39033292921135193,62,120.0
2.3400000000000016,5.151242614097427,9.36816792732938,0.0,5.581009028474174,6.00085533775429,0.0,7.418175826682165,5.2593886947274715,-18.510243862266115,-25.317526722420972,-0.10235436894569251,0.0,899.5064806173605,900.2849195370026,765.0335116358514,0.45278934078279176,63,117.0
2.3400000000000016,2.0648228906536596,9.325331995309487,0.0,4.719858170112094,6.215100656040203,0.0,2.70613194736208,4.587046957910388,-18.869692413556585,-27.816640237082982,-0.03858839020689837,0.0,899.4667781751897,898.9892886297459,860.7641453685846,0.196893347989176,64,117.0
2.4000000000000017,-6.007430032120878,9.31902108696417,0.0,2.7955007565204983,0.14382532534777592,0.0,-7.520803306627428,3.0787803087801784,-19.947934524225037,-28.634315158610583,-0.038618472660330735,0.0,899.9867920853548,899.6833017379174,891.49591581932,0.4175981944071741,65,120.0
2.4000000000000017,-3.902091588903544,9.427889292889835,0.0,2.8741982394432384,0.20785460778156217,0.0,-5.950173890073323,3.16935173673568,-20.185855098409398,-28.076209789973475,-0.02457359351556168,0.0,899.9269843613196,897.9866130810174,865.0062188335841,-0.36557022686310703,66,120.0
2.4000000000000017,0.4507040184284004,9.429174168235445,0.0,3.047829135446383,6.173797808404235,0.0,1.7137135676439437,3.1637665595618403,-20.42752915924008,-27.407910005348672,-0.11718606894127176,0.0,899.9492220997129,899.571176935742,832.2691482828988,-0.2685330837723765,67,120.0
2.4000000000000017,-1.9312870035407634,9.458600421160872,0.0,3.0904281207913176,0.13833944928631947,0.0,-3.175706264428776,3.1519412247264382,-20.406868103366758,-27.479401768896835,-0.0024928394456782063,0.0,899.8883625639102,897.4663668747429,832.9725277682835,0.008215545813354708,68,120.0
2.3400000000000016,3.6061612326545793,9.277952243850047,0.0,4.8577575080256,6.09494017202989,0.0,5.473659922897685,4.628962651302088,-18.4009046714812,-27.199111007532665,0.017732545592640116,0.0,899.6099304532651,900.1372225360998,837.2440459432898,0.16192288400192356,69,117.0
2.4000000000000017,-7.83310920245649,9.275595276081702,0.0,2.794170604391878,0.5593871279057119,0.0,-14.328567920752961,3.1394365309619543,-18.9258845732739,-28.75721787367319,0.3544151258898614,0.0,900.17557847847,900.1335567798793,897.0508103147574,-0.15169568040845327,70,120.0
2.4000000000000017,-5.895294977211419,9.438338675978137,0.0,2.858732960586906,0.33298852622437636,0.0,-10.020635138168911,3.126069199236273,-19.65783951100028,-28.54049557611745,0.048710105772825106,0.0,900.5862883034978,899.246962843448,887.4340461650777,-0.4443327601118354,71,120.0
2.3400000000000016,0.852890001267818,9.296196585333611,0.0,4.62292173134575,6.161096968288913,0.0,1.8895634198737636,4.466486043492683,-18.830596564199105,-28.313349303046035,-0.14952939610073024,0.0,900.0548286433108,899.5348263506634,880.081952958725,-0.3304372731140116,72,117.0
2.4000000000000017,-9.222520208076503,9.355199863474741,0.0,2.8027762297124355,0.45107310860721217,0.0,-15.119405940028726,3.0706912273763542,-18.966342813778777,-28.782152084433324,0.12737800770966923,0.0,900.780277931799,900.2515120451462,897.7789551896007,0.03230694688071678,73,120.0
2.3400000000000016,-1.144600091126562,9.359927417022352,0.0,4.668821406348869,0.09188962528624511,0.0,-1.9273113853666977,4.5555429255379,-18.941844581427016,-28.304113159242462,0.01317571221644882,0.0,899.7126317939554,898.6396380757068,883.2450627739577,0.3840699332256988,74,117.0
2.3400000000000016,3.1267677264614004,9.255160503915386,0.0,4.784721151712205,6.061301103096486,0.0,4.4670792660478815,4.565311949846689,-18.54127829964022,-27.479334156996995,-0.29472594177442174,0.0,899.895630821203,899.7068137986694,849.5228187645606,0.368100100899341,75,117.0
2.4000000000000017,6.164465620470628,9.445275227853589,0.0,0.9005029327702054,5.682336454377914,0.0,10.689110911739222,4.520298804700504,-16.8780851935039,-21.67066662022199,-0.5636806950882226,0.0,899.790325683539,898.9556207666709,508.29145135458043,0.43944170959604645,76,120.0
2.3400000000000016,2.259512184520772,9.36007637038771,0.0,4.746209249545107,6.1113067704223205,0.0,3.308383111292013,4.604358580836981,-18.79005565125093,-27.74560759098202,-0.2747031207511417,0.0,900.6362473793722,899.5635914828803,858.3754261597953,0.672171294561938,77,117.0
2.3400000000000016,-4.396013512415501,9.24636233565951,0.0,4.593650763144716,0.3344280956723118,0.0,-8.271444373884464,4.228045687812049,-18.290146019445153,-28.64269377323978,0.10323213061214134,0.0,900.483863502341,898.6158429146329,894.0088289709413,-0.05211209064978145,78,117.0
2.3400000000000016,0.5228932803226184,9.395308750515436,0.0,4.698446721381277,0.24242884432236345,0.0,-1.8977578064503555,4.590834303447112,-18.886573246337157,-28.084108464161794,0.2209899417670023,0.0,900.0608602512849,898.7804327832874,875.5680310465801,-0.3741805337084471,79,117.0
2.3400000000000016,3.00234951408516,9.351324142723415,0.0,4.985921709625341,6.137777779434025,0.0,3.9827874734701108,4.8468863991653395,-18.87420794046052,-26.877360745260003,-0.13259733849544938,0.0,900.1196997701436,899.4396483181268,822.060868941134,-0.3798414771772124,80,117.0
2.3400000000000016,-0.42987670453915977,9.263233615053176,0.0,4.645309242030635,0.04699052447149299,0.0,-1.1160074129850137,4.492459748414826,-18.849933030471504,-28.30515549577906,-0.01668094417109754,0.0,899.3704590100734,898.8630237208536,882.9141605636956,-0.6268523886609427,81,117.0
2.3400000000000016,-6.565530184770931,9.216861967363547,0.0,4.58495410115394,0.5208368150622729,0.0,-12.784056646838689,4.050461657796307,-17.892107715928304,-28.761580050310307,0.36362513128577595,0.0,899.3236660044173,898.7034019449404,897.5045152082188,0.049563539854756235,82,117.0
2.4000000000000017,-11.2944754184994,9.33808631094456,0.0,2.8290368383361635,0.480054568987053,0.0,-17.14775011253349,3.063591832397723,-18.659224072267424,-28.82972983629238,0.21101800726450046,0.0,899.9546905408931,899.8590281235197,899.7960758098441,0.5218654862367887,83,120.0
2.3400000000000016,0.45184704575528994,9.336250845557823,0.0,4.690930962389297,0.18890977203276726,0.0,-1.3432892754549521,4.5686810593316105,-18.87401563212223,-28.13149975753386,0.22847195363695977,0.0,899.1882441024148,899.0455742610903,877.2192966824925,-0.020793282065441815,84,117.0
2.3400000000000016,-1.7473797950592687,9.338277422760848,0.0,4.661591831428488,0.21862658725487893,0.0,-4.423682147659805,4.473747554530782,-18.71456616216047,-28.39396254699204,0.04567154572885491,0.0,899.5800498559029,898.3714324852556,886.2334651449365,0.5400342102011015,85,117.0
2.3400000000000016,-1.5110445493793199,9.356499154131571,0.0,4.611712403661862,6.255394849375524,0.0,-1.0588095457181903,4.506143890334122,-19.02908425351618,-28.614483130440533,-0.09564434263864728,0.0,900.3856482312715,899.4129144446568,892.3225841460182,0.6976243313981281,86,117.0
2.3400000000000016,1.559429506129021,9.250398988151549,0.0,4.646414848385081,6.175669653697323,0.0,2.3241805753141316,4.4690213960720016,-18.75265522256059,-28.15578000618366,-0.1670426103587143,0.0,900.3843716751879,898.938597886437,874.00969869809,-0.3990218777605768,87,117.0
2.3400000000000016,-1.1706003926728683,9.339534546695129,0.0,4.586874250118862,6.184265795347855,0.0,-0.8799217593094946,4.469807686375694,-18.949024648061798,-28.6216591550504,-0.3566048819451136,0.0,899.7337978449858,898.9365982759133,892.5527956369929,-0.04089732041857048,88,117.0
2.4000000000000017,1.0355613441184088,9.349486110521688,0.0,3.7483684697951922,0.029484127064845822,0.0,0.20993159091821018,2.7442739719374054,-20.30614402256503,-26.091720238464525,-0.1757146623026073,0.0,900.302528171617,896.9411109584502,758.6920256141282,-0.20126394509908951,89,120.0
2.4000000000000017,-5.545473936599501,9.418795426165778,0.0,2.8682772127795992,0.24617087148662797,0.0,-8.669837086437367,3.1177344988872684,-19.87091066233495,-28.498096137170425,-0.03267992007017381,0.0,900.120402351835,898.7812891980518,884.9479194027132,0.13980097512230164,90,120.0
2.4000000000000017,-9.066185114262039,9.388040147863826,0.0,2.8450747337577926,0.5124511185837495,0.0,-15.886809263941931,3.1395021077381564,-18.932365210474714,-28.768104865305183,0.14634530131993273,0.0,900.1362142136659,899.7439193307506,897.139400759686,0.589863490454569,91,120.0
2.3400000000000016,2.6269316120038075,9.315473239613318,0.0,4.771091061414836,6.087049364591829,0.0,4.335060145788318,4.579724242455526,-18.62063394020182,-27.659584156235834,-0.18060978371908698,0.0,899.9354785425627,899.2454003214598,855.3428460692425,-0.4580294673372356,92,117.0
2.3400000000000016,-3.6155754691471382,9.289573958501055,0.0,4.587043558381042,0.3491323255702383,0.0,-7.322442182376692,4.269015095408718,-18.40925513618125,-28.585195530081364,0.2405809201872751,0.0,899.9062425277685,897.938599879169,891.7519000539144,0.7243502744757675,93,117.0
2.4000000000000017,0.6628613003899585,9.306634793823193,0.0,3.0429206816709904,6.173658640067657,0.0,2.0666918025474077,3.100609650628102,-20.355311098559127,-27.38750614414343,-0.10642703960137054,0.0,899.8382201787174,899.3574270492929,830.9001113628449,0.34942251079072867,94,120.0
2.3400000000000016,-3.056673480643527,9.363942461478358,0.0,4.604402839805299,0.07440292947079907,0.0,-3.8041911221627203,4.456453148818441,-18.81975742313371,-28.55493118204635,-0.06974440660227074,0.0,899.7389985940758,897.9792967093366,890.6727944988638,-0.012459333515254356,95,117.0
2.3400000000000016,-6.202759761675014,9.348810957821707,0.0,4.601271143652431,0.2646178243178614,0.0,-9.055456420289094,4.278163303132492,-18.352690012729237,-28.728977622192637,0.1740953614972933,0.0,899.8908051662241,899.3216311272148,896.3185832362755,-0.1136519310121346,96,117.0
2.4000000000000017,4.166084143262926,9.397905356396683,0.0,5.938407398029248,5.815353262965614,0.0,7.750451425847579,3.3070796763801686,-17.83453735249263,-23.521313511992098,-0.4869397598311188,0.0,899.6770742053767,899.1922549200808,606.707829004248,-0.24326597249967935,97,120.0
2.3400000000000016,0.8353066696668728,9.35181073483894,0.0,4.638216357825353,6.2675120166598575,0.0,0.6408103522794601,4.53150318469813,-18.96850089029039,-28.23125422432181,-0.04793847583033277,0.0,899.5417515127317,899.9643644510736,877.1735421284817,0.11604827447321198,98,117.0
2.4000000000000017,-3.2757841689040728,9.454275633675305,0.0,2.971737872442434,0.19941377829777274,0.0,-5.787688516881156,3.163431837577527,-20.17906995316973,-27.905211129405096,0.001848626494951041,0.0,899.8848937089538,898.6010661964053,855.2823511877511,0.7422701719744638,99,120.0
2.3400000000000016,-2.420409045364891,9.331921721405706,0.0,4.6187350013904656,0.07729353372292991,0.0,-3.383895129111537,4.462669691135438,-18.822010558914346,-28.50052250059544,-0.1457021078135585,0.0,900.150418021999,897.919407421947,889.4191521472216,-0.018971213955167376,100,117.0
2.3400000000000016,3.1697186563561206,9.26506282878301,0.0,4.837104626291328,6.211171243251519,0.0,3.6752637468109346,4.6799160154104555,-18.728606775055844,-27.30599269696791,-0.009886712610704198,0.0,899.913142251452,899.2674723805392,841.9544127760439,-0.42184264648557723,101,117.0
2.3400000000000016,-8.214950915234173,9.231608984127305,0.0,4.591581999885086,0.7013413359413203,0.0,-16.449399059766105,3.972733849197,-17.78118926297476,-28.784618531644313,0.5077186664653405,0.0,899.9530078310182,899.6726604439212,898.2553641505693,0.245204023322532,102,117.0
2.3400000000000016,1.9906489611875038,9.246267953628976,0.0,4.713633440505587,0.0023178948804183364,0.0,1.4172785355513289,4.5719949442495915,-18.80611533216972,-27.918905679224533,-0.1355688204098199,0.0,899.7372457437854,897.9688146722706,869.5258771468938,0.5714384837244992,103,117.0
2.3400000000000016,3.066676534816692,9.32075318658117,0.0,4.807446489325438,6.1685955226288325,0.0,3.76876758057584,4.660717201770274,-18.728186403777723,-27.377950369027833,-0.06836636142573273,0.0,899.5330044962609,899.4850234160364,844.9838218985109,0.8529830901939381,104,117.0
2.3400000000000016,3.470985516841318,9.303868602648595,0.0,4.8176864904915355,5.9757983499537115,0.0,6.088671180172098,4.535283613626401,-18.237424954653314,-27.392072109900706,-0.2881479598200331,0.0,899.8096726233215,898.9003552918796,845.4223979928986,-0.20233981531767664,105,117.0
2.3400000000000016,-2.508188998867652,9.3353550491264,0.0,4.60002086928772,0.2181426054515807,0.0,-4.519386394193888,4.400320717669221,-18.664628327137077,-28.525472731473855,0.0870073387880649,0.0,899.9677844200831,897.6693177281217,890.1870450356832,-0.2582083872501861,106,117.0
2.3400000000000016,-1.7774615458834722,9.3410366475538,0.0,4.577964726552159,6.190661881317876,0.0,-0.5724219513414113,4.461421903034195,-18.931885539750986,-28.654689951397078,-0.16296639220519551,0.0,900.0596072749373,900.0433453740524,893.6959025717734,0.4683275705755708,107,117.0
2.3400000000000016,4.8918223644839625,9.271795547913085,0.0,5.198191531182566,5.794716120905093,0.0,8.978197413345379,4.751279761392341,-17.72610328985976,-26.21078566389892,-0.44421084331154503,0.0,900.3010815149206,899.8335925791777,799.3795992863545,0.2580833795780378,108,117.0
2.3400000000000016,-3.739080157988571,9.400077276028977,0.0,4.6361821171498505,0.05035559505235998,0.0,-4.782269711416815,4.494700924931424,-18.84858355170334,-28.57180423027397,-0.27732757190924523,0.0,900.1961834662874,898.4082364351641,891.079250281336,0.35314011889966573,109,117.0
2.3400000000000016,-3.1987647575194242,9.262048485853501,0.0,4.5678206287936955,0.021270175255439838,0.0,-3.209641535527745,4.383243144537776,-18.751889557854042,-28.538152687538208,-0.07977739010002008,0.0,899.968538924031,898.7206395561099,888.712869647209,0.023227810840874153,110,117.0
2.3400000000000016,-3.3419020675914455,9.293827326319166,0.0,4.624174389102109,0.48683347853552306,0.0,-8.64917168463752,4.26278594217223,-18.35319210124857,-28.550908629435792,0.4560519322963886,0.0,899.8702089151798,898.9572266818168,890.9189189066044,0.3074095339024804,111,117.0
2.3400000000000016,5.138724026817424,9.234742311474388,0.0,5.648570664562531,6.17057342728979,0.0,6.236322471965219,5.311321101977462,-18.858434593146292,-25.155631746626927,0.11793185354547372,0.0,899.8941621370678,899.6370101645438,759.4485783438286,-0.3736997784339384,112,117.0
2.4000000000000017,4.289034336473224,9.431495641087675,0.0,6.017560108530876,5.92900399515846,0.0,7.166987816905806,3.547050700806173,-18.000536701564357,-23.281039333421997,-0.2986578163735496,0.0,899.9113767614103,899.0855503350497,596.7677232116755,0.35633439419728735,113,120.0
2.4000000000000017,4.749847485383907,9.390603724694788,0.0,0.02548629932922708,5.9341572950242,0.0,7.239679640080683,3.8206070752147925,-17.90750456333068,-22.824185865974894,-0.28712787796881556,0.0,899.7641212830717,899.2757092243208,572.6813141024646,-0.7343360332121343,114,120.0
2.4000000000000017,-7.9778605173958015,9.411871111629436,0.0,2.8601917304123106,0.44302343491835927,0.0,-12.939270278228372,3.1199169022088467,-19.280718677120635,-28.73793445418751,0.2682032629933464,0.0,899.700568728523,899.659526364823,895.9139194891907,-0.08792687121615857,115,120.0
2.4000000000000017,4.222848777248168,9.442436584132116,0.0,5.968185969410076,6.039307389424298,0.0,5.740394902790846,3.6811070568075115,-18.394165986346586,-23.24119608845358,-0.23575724574587903,0.0,899.8913211097996,899.4297065598097,596.6872488613102,-0.5803507051794699,116,120.0
2.3400000000000016,1.677637567029637,9.29203244921335,0.0,4.688844701148891,6.217809005662543,0.0,2.1532354179278768,4.546322917219671,-18.825715066789435,-28.03065579673101,0.004112643288044398,0.0,899.8673194811049,899.5959270254016,869.513002153193,-0.4838231730043274,117,117.0
2.4000000000000017,7.764713745031652,9.402288189794609,0.0,0.7812779352776236,5.830227454604209,0.0,10.565231228419995,4.741078885635003,-16.891401338011654,-21.62716960422511,-0.34633384810625456,0.0,899.5797016567982,899.1134222914006,514.4795234457612,-0.2070064158447611,118,120.0
2.4000000000000017,-5.205732418868439,9.415696984324326,0.0,2.8508867871816044,0.22757605466962616,0.0,-7.766894165022128,3.1315488003540413,-19.944091334781078,-28.464558597585153,-0.0014955920700885578,0.0,900.0241569797272,899.2096476433288,883.9084107206768,-0.13071583665392839,119,120.0
2.3400000000000016,-4.820903776800344,9.285297270530663,0.0,4.592802144240977,0.24449743004144509,0.0,-6.9439939952524705,4.305788506060901,-18.532664285983888,-28.691250051099914,0.20559521095427546,0.0,899.3518793313538,898.4135378548838,895.1413369103849,-0.07511341219522752,120,117.0
2.3400000000000016,2.7790868505010735,9.36664344910469,0.0,4.78079558092686,5.941084994544822,0.0,5.219603862106105,4.5411387546667585,-18.47816396661857,-27.566919118290308,-0.4475136544582098,0.0,900.0856524681583,899.8887137190272,851.6459698171982,0.6123627228572777,121,117.0
2.4000000000000017,0.46065957538271673,9.451921456039573,0.0,3.7413272178758348,0.3177817003897587,0.0,-2.8150124563683976,2.861928751975604,-20.265329689582043,-26.16994767866367,0.3176004947425558,0.0,899.1141243131024,897.3735698312835,763.0578520196918,-0.4648544826768696,122,120.0
2.4000000000000017,-8.369111772123334,9.389830160091785,0.0,2.833617900820922,0.36464519121072403,0.0,-13.469698681617517,3.049416322325464,-19.170947627955258,-28.760416789142113,0.0020805420882483673,0.0,900.1784308890741,899.9471537849789,896.9327381580435,-0.4574480007963742,123,120.0
2.3400000000000016,-1.6267928508135632,9.30127044122631,0.0,4.616286879542448,0.11108437621077538,0.0,-3.1977097483163517,4.444328019846356,-18.801576433858827,-28.416800345000485,-0.13359306319625602,0.0,899.960414319454,898.2656151134289,886.8643013885875,-0.14499075605383252,124,117.0
2.4000000000000017,3.7060163985062493,9.489786410672334,0.0,5.670976862328903,6.124339381977759,0.0,4.882097394693682,3.516296511677953,-18.674595488281685,-23.693172161144,-0.10037690379203568,0.0,899.8383408339937,898.9781257775396,621.2383221501238,0.6859779544310547,125,120.0
2.3400000000000016,1.4811688853843101,9.25662404881677,0.0,4.6259174832279975,6.229251543086509,0.0,2.146207453175421,4.457421095394138,-18.782556750617733,-28.189313496715176,-0.03201123227688775,0.0,900.0403429022987,899.2312813693455,875.2939383528816,0.013521920778808594,126,117.0
2.3400000000000016,1.8643056680113803,9.338342099923146,0.0,4.838305049229213,0.06187885502028223,0.0,1.1029146924091056,4.766813177991716,-19.098910516761094,-27.595148820611424,0.006844451564207224,0.0,899.7050876108906,898.2262973252052,859.2034368914375,0.2755198080614346,127,117.0
2.4000000000000017,0.6103917351646866,9.36489152967261,0.0,3.661913044619485,0.07322945934726377,0.0,-0.3156578645689746,2.8186718414820637,-20.347038174885164,-26.28478767932827,0.0014961137306736174,0.0,899.3623911249047,897.641815307072,769.2430116760027,0.19316132128385832,128,120.0
2.3400000000000016,1.6163716288099883,9.330110008321109,0.0,4.650388019401369,6.2041763442904525,0.0,1.9703331871429202,4.519117080623689,-18.855968564070842,-28.070743861806676,-0.09760203621369573,0.0,899.5592679699645,899.148530177617,870.8619615144576,-0.4826561738647138,129,117.0
2.3400000000000016,3.3310104420643953,9.266161540158356,0.0,4.835945088557356,6.045316362150274,0.0,5.041584906883743,4.603294142788976,-18.47344714760453,-27.32478568161787,-0.24001745590255016,0.0,900.5591827603654,899.9583840303579,842.9221599741646,-0.6166360605807775,130,117.0
2.4000000000000017,2.69526860208313,9.434258026303048,0.0,4.626536611024708,6.214638427343347,0.0,3.0843412148983256,2.7175833091656143,-19.501064398053963,-24.90706590266883,-0.0007916724146530981,0.0,900.1037255213502,899.758211691895,693.0682651973683,0.6039976565024596,131,120.0
2.3400000000000016,3.9003799579380414,9.266820408898797,0.0,4.890949066795095,5.927594301248902,0.0,6.779304890419887,4.562682502564375,-18.10809136289335,-27.052765057674932,-0.3280515406564009,0.0,899.8567512709266,899.280363769441,832.2389523746086,0.5827903518358435,132,117.0
2.3400000000000016,-5.122449268415948,9.263923557471255,0.0,4.586907531358634,0.20296513180140252,0.0,-7.907096778184831,4.263425285430888,-18.29114508448982,-28.704686456303577,-0.11768265835531794,0.0,900.0689499207149,898.415770072549,895.6670266005074,-0.23138031757684074,133,117.0
2.4000000000000017,-4.864068302614597,9.417599677531086,0.0,2.8832827408846846,0.21530988362845616,0.0,-7.660240413230644,3.131242739866089,-19.982318882383282,-28.38402310357559,-0.05975772697435397,0.0,899.9084609020339,898.3529927155125,879.2872132254471,0.2622420707268107,134,120.0
2.3400000000000016,0.6994436903937487,9.24831264988595,0.0,4.604157645233453,6.163640816679678,0.0,1.487307051603614,4.4312581688325565,-18.827678136502815,-28.372771823181957,-0.25068515544185327,0.0,900.2554919292819,899.0801943471148,882.5816240574153,0.16289612315559218,135,117.0
2.3400000000000016,4.673132397642679,9.321816590437377,0.0,5.2284313130858,5.955143815716964,0.0,7.184694048379127,4.949199034197582,-18.230508689184557,-26.0958462685637,-0.24547244761115403,0.0,899.8897447139772,899.8665271788855,794.8784894290008,-0.03297692620710982,136,117.0
2.4000000000000017,6.003157522408731,9.46731052379971,0.0,0.7735092179895702,5.835430411474125,0.0,9.560322957637133,4.28146517649828,-17.10248063068967,-22.02433994997105,-0.2685683020305968,0.0,899.9856394103284,899.0972377252156,522.4159003373669,-0.273987185134269,137,120.0
2.3400000000000016,-3.1856334487380042,9.326044420231185,0.0,4.6281507469309915,0.3472446697951739,0.0,-7.162482331947992,4.3351025987451495,-18.50596099826706,-28.52811139075022,0.11514159218018434,0.0,899.5330267141728,897.4516834690521,890.232471573967,-0.1442113224950104,138,117.0
2.3400000000000016,1.2084378705112375,9.366709837188994,0.0,4.65154873240737,6.153742944995255,0.0,2.0034590242282397,4.530811983585901,-18.872208965405534,-28.188692646772402,-0.14138748855149508,0.0,900.2547630261655,899.8469411799244,874.9499212131808,-0.20953403398558906,139,117.0
2.3400000000000016,3.5051457799179113,9.318757567013417,0.0,4.922194194628304,6.147510320388289,0.0,4.892376595233649,4.7510317568634495,-18.61868626626293,-27.011922510925558,0.022305537518469257,0.0,899.6119307549134,900.0019980282987,829.4902541617262,0.07859098723575769,140,117.0
2.3400000000000016,4.4555532414041465,9.273764364826578,0.0,4.912683263950367,0.11074880593881531,0.0,3.3248827296964953,4.8021257485643245,-18.967218346162944,-27.278589712387735,0.3413138820316162,0.0,898.9900619146142,899.529037298947,845.6809993764725,-0.17639655173517768,141,117.0
2.4600000000000017,13.101583143359695,9.342524340331122,0.0,0.21930539013409778,5.626773567383536,0.0,16.545511124892954,5.116125776493618,-15.067637769538605,-22.21131783314903,-0.3948157883966647,0.0,898.6418798706842,899.7543001396069,701.8635453699508,-0.41880274932203,142,123.0
2.3400000000000016,-4.624267453817411,9.312410086739972,0.0,4.582433450651267,0.2244652651769714,0.0,-6.8154733912469725,4.309010187494081,-18.472039428590303,-28.66922271612361,0.047913040942448665,0.0,899.9389598077851,898.4617328481334,894.604735415137,0.3675849508004283,143,117.0
2.3400000000000016,-3.126652925439433,9.394950632437217,0.0,4.613007707181952,0.2298571940344809,0.0,-5.587302458229973,4.410906940506395,-18.63552477483684,-28.54916616804087,0.021044745282643572,0.0,900.5472571679056,898.6034581539614,890.5998898869791,0.1600843327123814,144,117.0
2.3400000000000016,1.1345440721196687,9.32177882414754,0.0,4.633293523119207,6.171743850183185,0.0,2.201961541471467,4.486270907078542,-18.899876504900966,-28.188780722275066,-0.09191602193272957,0.0,899.5989400917986,899.5902138587145,874.698427203285,0.3879107506480389,145,117.0
2.4000000000000017,4.48789790572658,9.348812618191223,0.0,5.764291460900116,5.9546612075405605,0.0,7.389845138389819,3.168446751780779,-17.927961733916657,-23.671078098740796,-0.13323004951215214,0.0,899.0221774843965,899.1862023497855,615.8625152545796,0.6356924820039428,146,120.0
2.4000000000000017,3.3513233740935355,9.413143518543793,0.0,5.052615485768641,6.126652324492756,0.0,4.8334601383112705,2.859772512389641,-18.89712040792802,-24.448242685313744,-0.08589514705852785,0.0,900.0343210424209,898.9698590759891,663.9105199110829,-0.12262735721128032,147,120.0
2.3400000000000016,1.1087828636352877,9.335710147273774,0.0,4.666052636532742,6.107255956355161,0.0,2.970413473758617,4.508494289886678,-18.819859613853705,-28.201510205381652,-0.12969892166865196,0.0,899.5691191537998,899.268020950424,875.5078184215852,-0.26373954683086376,148,117.0
2.3400000000000016,-1.372149239311972,9.243360611489646,0.0,4.609644041120838,0.05186638097728302,0.0,-1.5655393714063095,4.438695006884086,-18.813613344128644,-28.439372500373604,-0.0646562582474366,0.0,900.2305435776672,898.3572269465177,887.6664984281028,-0.40232140792007165,149,117.0
2.3400000000000016,0.018417769886102293,9.320480920564716,0.0,4.662492392398551,0.15950735257658,0.0,-1.9636125174438233,4.523422686461112,-18.85943986008584,-28.203428229670546,-0.03665347664443133,0.0,900.5951814990649,898.7910201440269,879.7228893324885,0.38165922946664294,150,117.0
